4.827774596686325026e+00
1.640922069861149746e+00
6.545439962787937827e-01
4.418619577025680201e+00
4.172093698844411946e+00
4.788295407933873093e+00
6.221099488062615812e-01
4.021011401392170725e+00
7.337033893758766467e-01
5.755835780436905580e+00
5.318852610688518112e+00
2.156450169949658324e+00
3.086428243794194337e+00
3.608817749862540669e+00
2.537495052875595292e+00
1.345813825111551454e+00
6.418083576429916004e-01
4.876096583463141343e+00
2.388548679462383806e+00
1.214415385593895502e+00
1.216456062266833893e+00
5.454946356236535232e-01
4.599365263741836074e+00
4.902826857638485691e+00
2.880911586146087444e+00
1.614657813123115737e+00
5.689237278273507670e+00
1.619758419375071437e-02
9.620863945723906463e-01
2.879412734943268770e+00
1.187092831661550996e+00
5.537026406572199022e+00
2.540470699596252269e-01
1.495364174766061760e-01
4.387430719234306054e+00
4.091915358374492939e+00
2.315501976356818314e+00
2.201364401218893541e+00
3.416171675141165487e+00
1.659799206166570285e+00
4.199170860349003220e+00
4.228843831152051536e+00
1.702039364991998038e+00
2.488523592678844043e+00
2.011518323169990463e+00
1.235209709000135297e-01
8.892293178684945731e-01
1.266116976327149590e-01
6.161562854368330733e+00
4.252326391941047001e-01
2.314368529321817025e+00
4.368111491000334468e+00
5.331965245513011098e+00
4.535362071451931598e+00
1.935879345694163423e+00
3.563219333030618774e+00
4.136478173416990423e+00
3.799835242700473792e+00
4.469316396198891539e+00
1.310688222644835532e+00
3.047647211283156743e+00
3.662442696014003296e+00
3.003250451034206403e+00
2.009732764003361982e+00
4.662058397476857685e+00
7.083945901523414079e-01
2.546319365138288493e+00
4.314944787872220466e+00
2.607908159884163801e+00
1.104822222044145041e+00
3.829305270829397756e+00
2.877932120915558833e+00
1.688083200365340986e+00
1.153699842806287679e+00
3.643380354962591827e+00
1.980910709341480447e-01
2.015443374030512214e+00
2.650487834626705230e-01
5.023502168334091245e+00
2.541729780688741780e+00
4.020306931059488775e+00
3.261324467499341573e+00
5.877643534496614031e+00
5.092189840747182172e-01
5.408557052210989369e+00
4.262937753412643360e+00
2.803323995975155913e+00
1.513284882285771626e+00
4.499926639575171805e+00
2.539902485999416815e+00
2.913294287714066844e+00
2.889799351797486704e+00
2.279389542788342382e+00
1.360044215239802456e+00
3.103649381423593479e+00
2.371812705922847542e+00
1.806273731468837962e+00
5.055804106872680004e-01
3.032560695712334553e+00
5.700127321815894321e-01
