3.390397058342575320e+00
2.722845355268564305e+00
3.377694748550181814e+00
2.711484180914714326e+00
3.363212302634994266e+00
2.698204651579952706e+00
3.347170380244198551e+00
2.683205614089361202e+00
3.329820931115162530e+00
2.666723562791509572e+00
3.311432667592833834e+00
2.649015572949353192e+00
3.292291763380077452e+00
2.630358016843325597e+00
3.272696566309484911e+00
2.611041182748857103e+00
3.252955823071203678e+00
2.591366650682220385e+00
3.233374264151228417e+00
2.571641531520072466e+00
3.214260492404039216e+00
2.552175735426568615e+00
3.195916357666148233e+00
2.533274331503956311e+00
3.178628346987715236e+00
2.515231635641149932e+00
3.162672060633982873e+00
2.498335851055428769e+00
3.148298671032375928e+00
2.482851395456484589e+00
3.135738555165603625e+00
2.469025632934130687e+00
3.125191116546476078e+00
2.457077958419126240e+00
3.116828767051739391e+00
2.447199539620385167e+00
3.110781161040383047e+00
2.439547868448371570e+00
3.107152811618480115e+00
2.434252334811685348e+00
3.106002678603648537e+00
2.431393960136645216e+00
3.107352859068190920e+00
2.431023024721928216e+00
3.111180220857585610e+00
2.433147655176405078e+00
3.117428865837122753e+00
2.437739411739319628e+00
3.126000512610566329e+00
2.444724322486491186e+00
3.136763251060552982e+00
2.453995525003456635e+00
3.149541931779349824e+00
2.465401278432236332e+00
3.164133577988752055e+00
2.478765614680220164e+00
3.180309230593389103e+00
2.493875059532622451e+00
3.197806772817420651e+00
2.510486833249199190e+00
3.216348750508521981e+00
2.528337780226312503e+00
3.235636784970911783e+00
2.547141735938558860e+00
3.255366757092001961e+00
2.566600434578867773e+00
3.275223219124319574e+00
2.586399644234992135e+00
3.294885306418714688e+00
2.606228347424162095e+00
3.314045409839463829e+00
2.625772320287260708e+00
3.332400933222896100e+00
2.644716932030419354e+00
3.349661633428221208e+00
2.662763811742038911e+00
3.365554701165290652e+00
2.679628385621876330e+00
3.379831174020132778e+00
2.695046637233097897e+00
3.392269225307880554e+00
2.708776446648619718e+00
3.402675786483893017e+00
2.720603240712356818e+00
3.410889692614073265e+00
2.730342820332122500e+00
3.416781853596458696e+00
2.737845856867879402e+00
3.420267970275453262e+00
2.742999549530587444e+00
3.421294381861570866e+00
2.745722471203897452e+00
3.419850347838682136e+00
2.745975638814887709e+00
3.415955056043718407e+00
2.743758995589859584e+00
3.409673851552121882e+00
2.739107350039973632e+00
3.401108714413078271e+00
2.732101310661034788e+00
