5.661702899621942064e-01
5.788023628368542894e+00
6.918339982306258573e-01
5.913687336731797473e+00
8.174977063216871676e-01
6.039351044938173985e+00
9.431614142044481008e-01
6.165014752955275235e+00
1.068825121850634385e+00
7.493153575711803543e-03
1.194488829237656091e+00
1.331568611283496517e-01
1.320152536345764682e+00
2.588205684139083806e-01
1.445816243159862236e+00
3.844842754143754093e-01
1.571479949667759612e+00
5.101479821162404615e-01
1.697143655865305467e+00
6.358116885106636085e-01
1.822807361752137201e+00
7.614753945932511980e-01
1.948471067331574824e+00
8.871391003653694707e-01
2.074134772612545863e+00
1.012802805832851982e+00
2.199798477608382097e+00
1.138466511006488657e+00
2.325462182337622696e+00
1.264130215901112075e+00
2.451125886822551170e+00
1.389793920536820382e+00
2.576789591089160059e+00
1.515457624937426084e+00
2.702453295166733938e+00
1.641121329132154472e+00
2.828116999088174044e+00
1.766785033147640904e+00
2.953780702888431975e+00
1.892448737019970295e+00
3.079444406604470164e+00
2.018112440784522121e+00
3.205108110273112043e+00
2.143776144478738210e+00
3.330771813938101289e+00
2.269439848141778793e+00
3.456435517633702492e+00
2.395103551812406639e+00
3.582099221400156353e+00
2.520767255530072415e+00
3.707762925274539878e+00
2.646430959332767507e+00
3.833426629293319898e+00
2.772094663256702951e+00
3.959090333489440727e+00
2.897758367337527119e+00
4.084754037893837619e+00
3.023422071607631878e+00
4.210417742534849239e+00
3.149085776094709299e+00
4.336081447435004677e+00
3.274749480829282966e+00
4.461745152614046361e+00
3.400413185830908791e+00
4.587408858087188790e+00
3.526076891117608358e+00
4.713072563866457010e+00
3.651740596702940156e+00
4.838736269956110725e+00
3.777404302595706032e+00
4.964399976356487443e+00
3.903068008800323341e+00
5.090063683064210309e+00
4.028731715315371886e+00
5.215727390070442837e+00
4.154395422135115368e+00
5.341391097361743334e+00
4.280059129248648730e+00
5.467054804919743383e+00
4.405722836641179363e+00
5.592718512721956969e+00
4.531386544292673513e+00
5.718382220742524780e+00
4.657050252179236516e+00
5.844045928952136038e+00
4.782713960271698816e+00
5.969709637317877515e+00
4.908377668543388417e+00
6.095373345804785181e+00
5.034041376958250602e+00
6.221037054375964992e+00
5.159705085480887909e+00
6.351545581490854187e-02
5.285368794073828091e+00
1.891791644371018100e-01
5.411032502698001068e+00
3.148428730286692012e-01
5.536696211314533933e+00
4.405065815494113579e-01
5.662359919884025317e+00
