5.364748487870631521e+00
4.489893508640374620e+00
5.201289237737741544e+00
4.333906285181668316e+00
5.024978307913169573e+00
4.164250275045937144e+00
4.837621529642714080e+00
3.982463036555664360e+00
4.641457741833471928e+00
3.790628355819077200e+00
4.440024601190781794e+00
3.591355139484242009e+00
4.230963260104605439e+00
3.387948591131052289e+00
4.024136026531427213e+00
3.170434814990655603e+00
3.955009327314887635e+00
3.027375338671295157e+00
2.835453675442204169e+00
2.084885525263195039e+00
4.644806644334815715e+00
5.101412462390177538e+00
3.263858863628322560e+00
2.467925690905837577e+00
3.069454499543108117e+00
2.208421296321348315e+00
2.898943507507143913e+00
2.032872147322371426e+00
2.735251003347523913e+00
1.865417545776649089e+00
2.578914469473274629e+00
1.705124759827441272e+00
2.429829275448482040e+00
1.552183095016828718e+00
2.287765133051389288e+00
1.406348060912325115e+00
2.152645627581016630e+00
1.267466199298885154e+00
2.024486337269613578e+00
1.135506630814375306e+00
1.903499863297862582e+00
1.010580592744435791e+00
1.789850716393365904e+00
8.928575556063389485e-01
1.683555063202256896e+00
7.825456952968711244e-01
1.584318117194773112e+00
6.794325051195180265e-01
1.491327038774345359e+00
5.831075036105485276e-01
1.403272369759440252e+00
4.924870296043027396e-01
1.318210179783168012e+00
4.059914488173591018e-01
1.234030820363391623e+00
3.216022194296987435e-01
1.148535349092555835e+00
2.371113579446970376e-01
1.059858218921995165e+00
1.503879982572797203e-01
9.668610174750900121e-01
5.992522004608163977e-02
8.693349993866524850e-01
6.248099097337601826e+00
7.679721923198573608e-01
6.148695411828617452e+00
6.644447195449448840e-01
6.046141052519113934e+00
5.609103500441707801e-01
5.942327010342907556e+00
4.598213790415224822e-01
5.839586272134915212e+00
3.633017837260560934e-01
5.740268856213111448e+00
2.729956376317204114e-01
5.646333956513601926e+00
1.896532581328137790e-01
5.559064707527936022e+00
1.130507968913047612e-01
5.478752642705586595e+00
4.201017214535203437e-02
5.404773238284199977e+00
6.257678472450201035e+00
5.335526859020461643e+00
6.191046304595571037e+00
5.268702721381484544e+00
6.122249159913355498e+00
5.201538650067135450e+00
6.048315259685835166e+00
5.130913913482483935e+00
5.966238590522759289e+00
5.053749371065394236e+00
5.873466813791740293e+00
4.967282716892845507e+00
5.768011704237811621e+00
4.869121348812294414e+00
5.648428940802329379e+00
4.757430626478316604e+00
5.514019061474516370e+00
4.631162776711343909e+00
