1.224419897729411399e+00
1.847153239799995128e-01
1.298050500780514316e+00
2.715176686279172635e-01
1.236477264657829478e+00
3.243536675201224573e-01
4.463125917938394416e+00
5.605474087942059036e+00
1.898660397585312465e+00
1.518309855302707456e+00
1.052072597110935037e+00
5.638074373998608557e+00
1.470594703119556312e+00
5.396744592482102254e-01
8.384605282782000568e-01
5.901037496141109173e+00
5.909118742262775559e-01
6.097878843631008294e+00
5.888061315718471356e+00
5.119000607214210241e+00
5.575984388923810542e+00
4.751244809724172846e+00
4.515287837556185568e-01
4.455457145780803430e+00
4.333055714686000925e+00
5.371466527480039055e+00
4.634653620187888734e+00
3.061059229042534913e+00
3.494043158521587422e+00
2.391666099385585831e+00
3.781399814626946743e+00
2.596672126743337472e+00
4.140411125980202556e+00
2.917487237156245694e+00
4.485137654418894115e+00
3.279181495612892405e+00
4.786816726549773193e+00
3.613304808477116659e+00
5.045626360789789544e+00
3.901362080892180284e+00
5.272132339791352429e+00
4.148443708096639426e+00
5.476978137147993309e+00
4.366645896919228775e+00
5.634394141050488969e+00
4.564184824600326706e+00
1.414181691957575815e+00
4.491341566797967033e+00
7.424181510707942300e-01
3.748659820406063381e-01
7.451505304177991063e-01
5.582863609514198799e+00
2.111145819142310753e-01
5.819137801268767340e+00
5.777500545832324086e+00
4.856787269966368115e+00
5.906731083857208638e-03
4.883939078964981917e+00
4.273680645763293207e+00
4.325901388502020772e+00
6.577582915281199316e-01
2.734548506380016231e-01
5.715058878552443211e+00
4.222201901220214992e+00
3.980338223217501525e+00
4.308992005478560650e+00
3.749376429796329457e+00
2.289755575670378906e+00
4.321994197410386818e+00
2.711570885791402929e+00
2.423381492581406782e+00
2.315783615720451161e-01
2.770563777720764786e+00
1.353261940491612858e+00
5.188142968600056193e+00
4.325764182496898869e+00
1.400982473066590073e+00
1.894258030492859790e+00
2.087104945671749145e-01
5.573394829987232235e+00
2.573965676385586709e-01
5.515792586986475676e+00
3.315420899893912754e-01
5.584810896820215476e+00
4.119490354198794280e-01
5.661103926397983876e+00
4.958965797426861388e-01
5.743582256526891250e+00
5.765121054275856860e-01
5.826960018682929565e+00
6.550638819945103775e-01
5.906009343713194859e+00
7.456483402981013420e-01
5.987145252729700218e+00
8.626634603727136863e-01
6.086566583863122659e+00
9.997462020976558561e-01
6.212952757473144239e+00
1.127317387595468956e+00
6.725697573369683602e-02
