2.84804990734942187
1.86265781829556554
2.84811003380394512
1.86261370156676587
2.84809121769533791
1.86264160592622474
2.8481197435002108
1.86263200629454362
2.8481134923376219
1.86264481146660255
2.84804953094416646
1.86265039075370042
2.8480905534038663
1.86259798132919641
2.84804375999187709
1.86261751028036415
2.84812781211379518
1.86263119229145358
2.84806994782436806
1.86260493903915392
2.84801107541374598
1.86263285690990688
2.84802740663384757
1.86254811690219313
2.84767437112857102
1.8625022752890612
2.84592722085303906
1.86176803025756432
2.8116217404465087
1.85742000906800397
4.8434981885038173
1.57266062100211501
3.25438414429756984
3.39642787793643208
5.94117479763198819
0.299628373787981517
4.86739931574696882
3.07136028141586959
2.15974890840535894
4.10833550943122106
3.18427087261247621
1.10408323294964195
2.96567949786458573
2.09995587630027058
2.84381250438349209
1.91497452537731006
2.79899524430861213
1.83079354799938687
2.80758517314897205
1.81223122282040716
2.83766311299778007
1.833464286805635
2.86060744660747668
1.86367450027764181
2.86368411044570692
1.87885396920285297
2.85421688586573286
1.87511380758342461
2.84516580385046147
1.86438282097154495
2.84274969938079502
1.85786006137590554
2.84541424850579938
1.85802042292382086
2.8486061535167142
1.86143877892656096
2.84988492728405784
1.86397778164831163
2.84924962815679184
1.86430040519986928
2.84811930260893265
1.86334571214301947
2.84762944525567407
1.86233738460507481
2.8476591337169368
1.86208909811551782
2.84807618970107601
1.8623884515884872
2.8482551065150381
1.86268201369142172
2.84821536546272736
1.86285060951857906
2.8481433023039977
1.86274259909053463
2.84804131250013226
1.86261178781451275
2.84807686305670549
1.86258222916980864
2.8481045952521491
1.86256141972280931
2.84803983697668972
1.86262871039654243
2.84807627758145321
1.86260226565261044
2.84809324288620269
1.86264125220530064
2.8481485091331411
1.86264334669885234
2.84810734178601566
1.86261742301332744