2.847970479609589933e+00
1.862830285310008938e+00
2.847979987201262553e+00
1.862864186219446383e+00
2.847961225187280121e+00
1.862858919865744145e+00
2.847946331508301121e+00
1.862840508707370057e+00
2.847940184285774112e+00
1.862825485416797155e+00
2.847945254370241042e+00
1.862827837642379691e+00
2.847953518675725437e+00
1.862834537550246861e+00
2.847956493124764954e+00
1.862840239939802967e+00
2.847956541895790838e+00
1.862842524209263217e+00
2.847953727722575046e+00
1.862840003577193038e+00
2.847950832459192672e+00
1.862839646702063590e+00
2.847951355559611653e+00
1.862838465468306559e+00
2.847951124710816906e+00
1.862838265619282785e+00
2.847950033373021217e+00
1.862837531206529729e+00
2.847949432170058248e+00
1.862837571179317475e+00
2.847946009556848512e+00
1.862835220840168171e+00
2.847948473918013867e+00
1.862830484164561984e+00
2.847923869541971964e+00
1.862817999474629449e+00
2.847745082238668957e+00
1.862766031227260033e+00
2.846207152298239951e+00
1.862326088655720469e+00
2.837353328544751196e+00
1.858317977977843816e+00
3.275084219447320866e+00
1.873929387126766155e+00
1.824858731965082193e+00
6.085783051992314618e+00
4.697387554299538692e+00
1.295200138725049355e+00
3.738063457168980808e+00
3.162760914939080514e+00
9.952451700107451948e-01
5.794097148382499896e+00
3.466977987933976380e+00
2.217929735770271193e+00
2.775778680395877718e+00
1.734407390356753620e+00
2.779657267576617130e+00
1.815076725949701819e+00
2.785705041074924893e+00
1.785366112127652061e+00
2.842194610529218846e+00
1.821900805078287000e+00
2.876297272341486799e+00
1.875765514092357478e+00
2.872950964730054846e+00
1.893760412102296842e+00
2.853149160109351268e+00
1.880094897389569697e+00
2.839688658645317165e+00
1.860880959007079394e+00
2.838995143404904997e+00
1.852874384077269676e+00
2.844951213774691290e+00
1.855987275700908823e+00
2.849966080013734082e+00
1.862309477865956797e+00
2.851025667123146867e+00
1.865780147789872556e+00
2.849392360563722360e+00
1.865428141710661292e+00
2.847566672818598654e+00
1.863433338473844625e+00
2.846926327671292611e+00
1.862020534475907985e+00
2.847323310555262665e+00
1.861888384465044233e+00
2.847957801253163890e+00
1.862484411546371899e+00
2.848258250488163945e+00
1.863019172780182364e+00
2.848185853344679330e+00
1.863151286052491029e+00
2.847979197849821453e+00
1.862988901587320889e+00
2.847852247577474127e+00
1.862796822535598418e+00
2.847854247774030956e+00
1.862724090562283941e+00
2.847918583653652913e+00
1.862763799943203402e+00
